   0.0000000e+00   0.0000000e+00   0.0000000e+00   0.0000000e+00   0.0000000e+00   0.0000000e+00
   4.8211607e-03  -5.0134633e-02  -6.0077472e-02  -4.4285660e-04   6.1554832e-05  -1.6490432e-05
   1.5722195e-02  -4.8312279e-02   4.9669019e-02  -2.8098960e-04  -4.3210931e-05  -1.5910682e-04
   8.1128381e-03  -4.3629213e-02  -8.6630878e-02  -1.1927974e-04  -1.3343679e-05  -9.2167859e-05
   2.5545744e-02  -7.9775048e-02   1.1694080e-03  -3.4357928e-04  -1.7830170e-04  -6.4438073e-05
   7.6003953e-04  -3.6915253e-02  -7.8877335e-02   8.5601000e-05  -1.3122797e-04   5.6315397e-06
   3.0563824e-03  -5.3278278e-02  -9.4122708e-02   1.0980597e-06  -4.3420304e-05   3.0120227e-05
   1.0942407e-02  -4.9615053e-03  -2.2285249e-02  -1.7188544e-04   1.9856653e-05  -3.1611754e-05
  -2.2455034e-03  -1.7186574e-02  -9.6515396e-02  -2.4888465e-04   2.5433856e-04  -1.4064330e-04
   1.8323845e-02  -6.8549646e-02  -1.7073455e-02  -3.2234084e-04  -1.4614233e-04   2.8322829e-05
  -8.3123306e-03  -5.8953860e-02  -6.4042082e-02  -2.7566232e-04  -2.2346294e-05  -3.3877994e-05
   3.4563424e-03  -7.2225523e-02  -7.9959883e-02  -8.0186835e-06   4.9586364e-05   2.8280271e-05
  -8.4310888e-03  -1.4323579e-02  -2.4040459e-02  -2.9406750e-04   2.3281153e-05  -6.1591893e-05
  -5.7948782e-03  -4.4006808e-02  -7.5314740e-02  -3.6389074e-04   1.4321720e-04  -1.7112477e-04
   3.3782744e-03  -5.9515173e-02  -2.2196387e-02  -6.7988674e-04   5.6311685e-05  -1.7815932e-04
  -3.2783671e-03  -6.7865699e-02  -6.5901845e-02  -4.8175451e-04  -1.1653607e-04  -1.0451440e-04
   6.9076951e-03  -6.4285660e-02  -9.2430066e-02  -5.6096710e-04  -1.4892802e-04  -3.6323430e-05
  -7.8553588e-03  -2.0467484e-02  -1.7868654e-02  -3.8053240e-04  -1.6466410e-04   5.3288373e-05
  -1.3552120e-03  -7.8817994e-03  -7.4470296e-02  -6.3457579e-04  -3.7724268e-05  -3.2784845e-06
   2.4271205e-03  -4.3634924e-02  -1.7914328e-02  -5.2777274e-04  -1.3345432e-04  -7.7047611e-05
   2.6367640e-04  -4.8993834e-02  -9.5422604e-02  -7.8091511e-04  -2.0914534e-04  -8.9011541e-05
  -4.9576692e-03  -8.1118998e-02  -3.3790345e-02  -6.3719336e-04   8.0916512e-05  -2.2809130e-04
   1.3805666e-03  -1.5294667e-02  -7.9385617e-02  -1.0778371e-03  -2.6277180e-04  -4.8587343e-05
   2.0833017e-02  -9.3240909e-02  -8.5213595e-03  -8.4881653e-04  -3.0221182e-04   5.2836772e-05
   4.0076382e-03  -3.2361011e-02  -4.8838396e-02  -5.8793410e-04  -3.0292455e-04   1.8156990e-04
   1.2899836e-02  -5.7990560e-02  -9.1171601e-02  -6.1375435e-04  -3.8347821e-04   2.6890675e-04
  -3.9020132e-03   1.6493003e-02  -2.3546249e-02  -5.0705216e-04  -3.1373391e-04   2.2081499e-04
   1.4541036e-02  -1.3995472e-02  -7.8563813e-02  -7.6842787e-04  -5.0466077e-04   2.9901552e-04
   1.5742078e-02  -1.9458337e-02   3.2597392e-02  -7.4489768e-04  -4.0096210e-04   2.5189973e-04
   1.0216524e-02  -5.1404486e-02  -6.1997528e-02  -6.5295695e-04  -4.4503983e-04   3.3239023e-04
   3.2611990e-02  -1.2986577e-01   3.8274695e-02  -5.8273561e-04  -5.3157031e-04   1.9513411e-04
   1.2299591e-02  -1.9092394e-02  -3.1363504e-02  -6.4194636e-04  -6.8757886e-04   3.5045902e-04
   1.5016322e-02  -5.6805624e-02  -2.2048232e-02  -4.2591139e-04  -5.6293267e-04   3.3589978e-04
   2.0544754e-02  -2.2985716e-02  -1.8677515e-02  -5.5395043e-04  -6.3078051e-04   3.8869407e-04
   1.7877100e-02  -3.1808919e-02  -5.9119281e-02  -5.4068075e-04  -4.7922345e-04   5.2934474e-04
   1.4828363e-02  -6.7464786e-02  -2.3233306e-02  -6.1531681e-04  -4.4988932e-04   4.9099986e-04
  -8.0559791e-04  -3.4175866e-02  -3.7436562e-02  -4.3508782e-04  -3.0447679e-04   4.2857177e-04
   8.2836944e-03  -4.3635952e-02  -4.0852206e-02  -5.9788128e-04  -3.5547518e-04   4.6827758e-04
   1.1594298e-02  -2.2015611e-02   6.8507448e-03  -5.8327200e-04  -5.1156146e-04   5.3489993e-04
   1.2480403e-02  -3.5292764e-02  -6.2323301e-02  -7.2876484e-04  -4.5854120e-04   4.6801914e-04
   1.7781670e-02  -5.5686946e-02   7.8103329e-03  -8.1603648e-04  -5.4035220e-04   4.2748181e-04
   5.5185827e-03  -5.6972678e-02  -6.5501513e-02  -6.4851007e-04  -4.6376181e-04   3.0476405e-04
   1.0842501e-02  -6.0012152e-02  -2.8407741e-02  -6.8280105e-04  -5.6403639e-04   3.3446552e-04
  -7.5776445e-04  -3.1962375e-02  -3.0764711e-02  -6.7635528e-04  -5.6518125e-04   3.0951923e-04
   3.1430446e-03  -8.6155246e-03  -5.9506123e-02  -1.0864252e-03  -5.4646915e-04   2.4872982e-04
   6.2773996e-03  -8.6522117e-02   6.5667984e-02  -9.4802094e-04  -5.4042257e-04   3.0729587e-05
   1.3229974e-02  -8.5144773e-02  -4.1750040e-02  -7.7293398e-04  -7.1518648e-04   1.1516567e-04
   3.5432679e-03  -3.9895205e-02   9.7151874e-02  -1.0036121e-03  -4.2947973e-04   3.5153469e-05
  -1.0477986e-02  -2.5403376e-02   4.0301776e-03  -7.3308073e-04  -3.8063862e-04   9.9300519e-05
   2.5796331e-03  -1.0184117e-01   8.6949315e-02  -8.9196464e-04  -3.3137639e-04   4.3265493e-05
  -1.8854552e-02  -3.5339079e-02   3.4470587e-02  -5.5885145e-04  -2.9725183e-04   9.9956552e-05
  -5.6721745e-03  -7.2569287e-02   2.2932623e-02  -4.9991176e-04  -2.9722543e-04   2.3174755e-04
  -5.8158809e-03  -3.5012570e-02   1.3134131e-01  -8.6851102e-04  -2.8534725e-04   9.5853575e-05
  -1.1566131e-02  -6.4826202e-04   2.0469176e-02  -7.2376342e-04  -2.6754736e-04   1.0946183e-04
  -1.1839193e-02  -7.6816829e-02   1.0703676e-01  -7.3549032e-04  -2.2871765e-04   1.0418959e-04
  -2.4089374e-02  -5.0646386e-02   5.2645557e-02  -6.1473436e-04  -1.2849494e-04  -2.1648827e-05
  -1.8228385e-02  -3.3708919e-02   2.1501044e-02  -8.7636664e-04  -1.4765012e-04  -1.7531310e-04
  -1.9238238e-02  -5.0683536e-02   1.1303061e-01  -1.1120133e-03  -1.4234033e-04  -2.3273514e-04
  -2.2218580e-02  -3.2877170e-02   2.3716705e-02  -9.1479291e-04  -2.0138666e-04  -3.4638937e-04
  -1.4781257e-02  -1.2881912e-01   8.3151059e-02  -7.7543952e-04  -2.4129258e-04  -2.9708918e-04
  -2.9079900e-02  -8.9929861e-02   2.9782724e-02  -7.1054581e-04  -2.2065830e-04  -2.3735017e-04
  -1.5382777e-02  -5.3225574e-02   5.3170029e-02  -8.0163407e-04  -4.7765651e-04  -1.8771899e-04
  -2.9115184e-02  -7.9277028e-03   1.0343323e-01  -7.5956530e-04  -4.8795363e-04  -2.7236021e-04
  -1.6925815e-02  -4.7180710e-02   6.5265513e-03  -1.0642692e-03  -5.3566042e-04  -4.6616440e-04
  -1.6014641e-02  -7.7762368e-02   6.6442990e-02  -1.1487694e-03  -6.9800754e-04  -4.6792267e-04
  -3.5829010e-02  -4.4392500e-02   2.8484601e-02  -1.0746746e-03  -5.2507379e-04  -5.8269085e-04
  -1.4639645e-02  -6.5301327e-02   2.7703672e-02  -1.3671492e-03  -6.9842996e-04  -5.5557635e-04
   1.3382431e-02  -7.7893121e-04   5.3919986e-02  -1.8416989e-03  -1.5629824e-03  -2.6045415e-04
   2.5511970e-04   1.7671563e-02   7.1512896e-02  -1.6320600e-03  -1.2597076e-03  -1.2572689e-06
  -4.0127899e-03  -1.3199122e-01   1.9287719e-01  -1.2988965e-03  -8.6639009e-04  -9.7701676e-05
  -3.2132009e-03  -5.6247836e-02   6.7754641e-02  -1.1952016e-03  -1.0072430e-03  -4.5802131e-07
  -8.7912532e-03   3.5371674e-02   1.6327489e-01  -1.4101032e-03  -1.3273963e-03  -2.9202751e-05
   1.1407876e-02  -3.2250522e-02   1.3798311e-01  -1.3375718e-03  -1.5131280e-03   7.8581178e-05
  -5.3733193e-03   2.2358572e-02   2.1097334e-01  -1.2856295e-03  -1.4014781e-03   2.4211499e-04
   1.1867675e-02  -2.1879849e-02   1.0256228e-01  -1.2719603e-03  -1.4637447e-03   2.1297694e-04
   9.3460072e-03  -3.7277114e-02   2.1632341e-01  -1.2725263e-03  -1.4220405e-03   2.0389070e-04
   1.8147425e-02  -3.4608876e-02   7.6619649e-02  -1.0791570e-03  -1.5554616e-03   3.2092813e-04
   2.1884386e-02  -6.2956134e-02   2.5007069e-01  -1.1420082e-03  -1.4116432e-03   3.5275255e-04
   3.7627327e-02  -2.6407155e-02   8.6085141e-02  -8.9859067e-04  -1.6544869e-03   6.0807216e-04
   2.1396714e-02  -4.1381834e-04   1.5525986e-01  -1.0593667e-03  -1.3001136e-03   5.2056563e-04
  -1.6353861e-03  -3.5314124e-02   1.0164159e-01  -1.1162542e-03  -1.0712861e-03   4.7067859e-04
   1.4005777e-02  -7.5991645e-02   1.3553957e-01  -1.0196280e-03  -1.4056776e-03   5.9119993e-04
  -2.1942389e-03  -2.2167052e-02   1.3674642e-01  -1.0995528e-03  -1.2063526e-03   4.2954542e-04
   1.0305660e-02   1.5683727e-03   9.9211982e-02  -1.4932165e-03  -1.4528839e-03   4.0136872e-04
   1.0123875e-02   2.3509475e-02   1.4403072e-01  -1.4436000e-03  -1.4271274e-03   4.6614954e-04
   5.4178020e-03  -3.8729453e-02   7.1244401e-02  -1.4883950e-03  -1.3754097e-03   3.1986539e-04
   1.2402334e-02  -4.6962572e-02   1.4524298e-01  -1.3895346e-03  -1.4527546e-03   4.8935737e-04
   2.2024669e-03  -3.1539515e-02   8.8600974e-02  -1.3667879e-03  -1.1686853e-03   2.0426157e-04
   1.4111185e-02  -1.6473552e-02   1.5589402e-01  -1.7594534e-03  -1.5549325e-03   2.8243338e-04
  -4.2440526e-03  -2.4907204e-02   9.2263354e-02  -1.4974557e-03  -1.4111047e-03   1.0337517e-04
   2.2576635e-02  -1.2117431e-01   1.6744996e-01  -1.1874574e-03  -1.5462101e-03   2.9471788e-04
  -3.2051043e-03   1.3717699e-02   1.3755504e-01  -1.1990481e-03  -1.3944561e-03   2.3250809e-04
   2.0474189e-02  -4.7348426e-02   1.5490751e-01  -1.0120931e-03  -1.6437882e-03   3.3538610e-04
   1.5533037e-03   4.9465803e-02   1.5199163e-01  -9.4695689e-04  -1.4230033e-03   2.7153282e-04
  -9.0900642e-03   4.1168030e-03   6.7904283e-02  -1.1019067e-03  -1.1738141e-03   1.2331779e-04
   1.2155965e-02  -6.5778582e-02   1.9338608e-01  -1.0953833e-03  -1.3366134e-03   2.1795157e-04
   1.9863717e-03  -2.2056398e-02   1.2099164e-01  -9.8771994e-04  -1.2383782e-03   2.2972945e-04
   1.0698393e-02  -3.8062709e-02   1.8155460e-01  -8.6376031e-04  -1.2612934e-03   3.1316416e-04
  -4.6065876e-03   8.0164050e-03   1.6668783e-01  -1.0078837e-03  -1.2044946e-03   3.6803619e-04
   1.7978695e-02  -7.8437279e-02   1.5511071e-01  -6.7505021e-04  -1.3248403e-03   3.9544931e-04
  -1.1554990e-04  -1.0781416e-02   1.6048838e-01  -1.0721252e-03  -1.1702437e-03   2.4072039e-04
  -9.6950685e-03  -7.7539177e-04   1.2116774e-01  -1.3414061e-03  -1.1707986e-03   7.9924700e-06
  -7.3587639e-03  -2.5816431e-02   1.8331823e-01  -1.5845062e-03  -1.2623645e-03  -4.1076774e-05
  -2.0588706e-02  -2.6460494e-03   1.6037441e-01  -1.7308560e-03  -1.0935297e-03  -2.7186050e-04
  -1.9823823e-03  -9.2764045e-02   1.7489761e-01  -1.7851838e-03  -1.3179535e-03  -2.5629331e-04
  -2.3224990e-02   2.0482687e-03   1.3978341e-01  -1.9023350e-03  -1.2057892e-03  -3.5943682e-04
  -2.4240993e-02  -6.6479139e-02   1.7032695e-01  -1.5538225e-03  -1.0535334e-03  -3.9545332e-04
  -2.9284233e-02   4.2608199e-02   1.6374046e-01  -1.9517438e-03  -1.1990210e-03  -3.9826427e-04
  -1.7976194e-02  -5.7167041e-02   1.7523280e-01  -1.6494556e-03  -1.1812509e-03  -4.9684607e-04
  -2.4817889e-02   9.9343913e-03   2.0747981e-01  -1.9739454e-03  -1.3285331e-03  -4.7384232e-04
  -2.1969437e-02  -2.3398807e-02   1.2576518e-01  -1.8399968e-03  -1.3188673e-03  -5.6672391e-04
  -3.1201458e-02   1.1569717e-02   2.1087542e-01  -1.7378628e-03  -1.2084557e-03  -4.3304148e-04
  -1.9669717e-02  -1.5933146e-02   1.5921009e-01  -1.7518194e-03  -1.3044661e-03  -2.5517699e-04
  -3.2784389e-03  -5.4377263e-02   3.3298504e-01  -1.6116901e-03  -1.6261663e-03  -1.0407293e-04
  -4.6411989e-03  -3.1248844e-02   1.8720598e-01  -1.0984567e-03  -1.5015287e-03  -7.6557162e-05
  -1.2216144e-02   3.7385859e-02   2.8843538e-01  -1.5687038e-03  -1.3433083e-03  -2.8624396e-05
  -1.7495194e-02  -1.1024423e-02   1.8118184e-01  -1.3806923e-03  -1.1528099e-03  -1.4399462e-04
  -5.9185156e-03  -8.6529515e-02   3.3485462e-01  -1.3028350e-03  -1.1589403e-03  -5.8579580e-05
  -8.7971267e-03   1.5018645e-02   1.8622487e-01  -8.8867694e-04  -1.0501503e-03   1.8428907e-04
   1.1560698e-02  -3.4834669e-02   2.9668099e-01  -8.3463135e-04  -1.1548264e-03   3.2209864e-04
  -1.5769268e-02  -2.2752268e-02   2.0143642e-01  -6.3438913e-04  -8.7025097e-04   2.6908638e-04
  -3.0520945e-03  -6.7441838e-02   2.2889192e-01  -7.2478201e-04  -9.1103120e-04   3.8079528e-04
  -1.6033541e-03   1.4839273e-02   2.2082189e-01  -7.5384115e-04  -1.0313738e-03   3.9442228e-04
  -9.0455243e-03   1.4482487e-02   2.1154097e-01  -1.0599034e-03  -1.0290782e-03   4.3372880e-04
   1.9741178e-03  -5.0636384e-02   2.8604449e-01  -1.1726071e-03  -1.1896865e-03   4.2251273e-04
  -7.1884121e-03  -4.9535434e-02   2.0746869e-01  -1.0341437e-03  -1.1201414e-03   2.1013058e-04
  -1.8033615e-03  -6.6025689e-02   2.4457792e-01  -9.6519880e-04  -1.2550568e-03   3.8036542e-04
  -1.1642271e-02   6.3923024e-03   2.4375635e-01  -9.7837018e-04  -1.3596234e-03   3.1358997e-04
  -6.2562275e-03  -2.5856490e-02   2.0874144e-01  -1.1600845e-03  -1.1126080e-03   2.1461850e-04
  -3.4617332e-04  -2.1704079e-02   2.7790768e-01  -1.3499257e-03  -1.2634544e-03   1.8667520e-04
  -9.3847472e-03  -5.8623252e-02   1.7064685e-01  -1.1607520e-03  -1.1404662e-03   1.3191520e-04
   1.1421408e-03  -6.2104646e-02   2.7708017e-01  -1.2285470e-03  -1.1619303e-03   2.2459907e-04
  -1.3501007e-02  -1.2165186e-02   2.0689500e-01  -1.1638949e-03  -1.1109733e-03   1.5026017e-04
  -1.2083172e-02  -4.3096082e-02   2.3298721e-01  -1.0065307e-03  -1.0581967e-03   5.2879038e-05
  -1.2560471e-02  -4.7323089e-02   2.8630576e-01  -9.3607235e-04  -1.0592601e-03   7.1818442e-05
   1.5211843e-02  -1.3827311e-01   3.0199297e-01  -4.1243812e-04  -1.2094114e-03   4.5907423e-04
  -1.1647545e-02   7.5659377e-02   3.4248864e-01  -6.1897071e-04  -8.3624127e-04   3.0096196e-04
  -6.7939115e-03  -2.6454763e-02   2.7169515e-01  -1.2659060e-04  -6.5634517e-04   5.5991484e-04
  -8.4774457e-03  -9.8230786e-03   3.7778157e-01  -4.8313053e-04  -6.1169366e-04   5.6518620e-04
  -7.9374333e-03  -6.2428231e-02   2.2508159e-01  -1.7518250e-04  -4.1534622e-04   4.6397544e-04
   1.0222883e-03  -8.2496225e-02   3.9623320e-01  -4.1993188e-04  -4.3812060e-04   5.9773776e-04
  -1.9477532e-02  -9.8776230e-03   2.4919946e-01  -1.6817401e-04  -1.8285157e-04   6.1431555e-04
  -8.8290949e-05  -6.3371934e-02   3.8349185e-01  -1.8485519e-04  -3.3233788e-04   5.9992139e-04
  -7.9124485e-03  -3.7728601e-02   2.5800214e-01   4.4631785e-05  -4.1555720e-04   5.7452433e-04
  -1.4861033e-02  -1.7338194e-01   4.1840758e-01   1.8988044e-04   7.6227717e-05   6.7060300e-04
  -2.4794153e-02  -5.2981758e-02   2.6552501e-01   5.2832376e-04   7.3198066e-05   5.2486200e-04
  -1.9130923e-02  -3.4442502e-02   3.6438293e-01   3.1669463e-04  -1.0448166e-04   4.9754112e-04
  -2.6158180e-02  -2.2372237e-02   3.3064576e-01   2.2955515e-04  -9.6426354e-05   4.1339375e-04
  -1.3223557e-02  -4.1924600e-02   2.8231105e-01   6.1413400e-04  -3.3453004e-04   4.9934238e-04
  -2.0812662e-02  -5.0758231e-02   3.5295221e-01   8.1266639e-05  -1.8084288e-04   4.2762431e-04
  -2.5003725e-02  -6.2609803e-02   2.5604282e-01   2.9905618e-04   9.3225352e-06   2.6013862e-04
  -2.1406080e-02  -9.3738513e-02   3.6890913e-01   7.8082783e-05  -5.6876217e-05   2.8261358e-04
  -2.9107478e-02  -4.0188708e-02   2.5687055e-01   1.6249005e-04   6.7081723e-07   1.7784534e-04
  -3.7142561e-02  -8.8808543e-02   3.6263918e-01   3.5749911e-05   1.0168158e-04   1.6009792e-04
  -2.4761456e-02  -8.3418576e-02   2.6345673e-01   2.8257366e-04   5.2965793e-05   1.6154157e-04
  -7.7667311e-03  -2.4794668e-02   3.6048312e-01  -1.2449732e-04  -3.6120599e-04   3.8099121e-04
  -1.7006103e-02  -3.9576718e-02   3.0408053e-01   2.6128680e-04  -2.9920026e-04   6.3683905e-04
  -2.8215812e-03  -1.4688702e-01   4.1336163e-01   4.7476929e-04  -2.0894421e-04   8.7854774e-04
  -2.1426097e-02   3.3470581e-02   3.1421069e-01   5.2613905e-04   5.0685274e-05   8.4139550e-04
  -1.3516399e-03  -1.0265152e-01   3.7262437e-01   5.4463650e-04  -7.5000955e-05   8.8399009e-04
  -1.4656177e-02  -1.2776401e-02   3.4580654e-01   4.2808084e-04  -1.5283614e-04   8.9321237e-04
   3.8348807e-03  -1.0215979e-01   3.9252049e-01   8.0838871e-04  -1.6960047e-04   1.0648395e-03
  -2.0580712e-02   2.1599490e-02   3.5500365e-01   6.0210050e-04   1.5839959e-04   9.2789114e-04
   3.4378458e-03  -1.3528837e-01   4.1501418e-01   6.8728987e-04  -1.2742823e-05   1.1301370e-03
  -1.2702186e-02  -1.7430669e-02   3.3287510e-01   6.5650138e-04  -7.9741987e-05   9.8200753e-04
  -1.8156400e-03  -9.7874883e-02   3.3869336e-01   9.5702866e-04  -1.0727899e-04   1.0397451e-03
  -2.2365703e-02   1.1671933e-02   3.5714311e-01   6.4941452e-04   2.1659114e-04   9.6964848e-04
   2.6604760e-03  -4.6805902e-02   3.1853267e-01   1.0066811e-03  -8.9459468e-05   1.1401979e-03
  -5.1360602e-03   5.2416492e-03   3.6060094e-01   6.8294972e-04  -1.2832467e-04   1.0957818e-03
  -1.8126618e-03  -6.6059569e-02   2.7545021e-01   7.8833610e-04  -1.1751362e-04   1.0638847e-03
  -4.9655437e-03  -2.3123466e-02   3.5453985e-01   7.1131428e-04  -2.7250838e-04   1.1345323e-03
  -1.0590967e-02  -5.7449138e-02   2.6894054e-01   7.8183799e-04  -1.4890287e-04   1.0404330e-03
   5.1843987e-04  -3.4622244e-02   3.6766653e-01   5.9732538e-04  -3.1688410e-04   1.1931620e-03
  -8.9218758e-03  -3.2571888e-02   2.7673819e-01   5.4476497e-04  -1.2368566e-04   9.8528149e-04
   5.5640282e-03  -6.3041125e-02   3.6407282e-01   4.1551873e-04  -4.0535184e-04   1.1199124e-03
  -5.6906182e-03  -5.3880182e-02   2.6185603e-01   4.6927968e-04  -2.8724362e-04   9.8297337e-04
   5.9309580e-03  -7.3354603e-02   3.4582117e-01   5.0698490e-04  -4.7422703e-04   1.0245610e-03
  -1.6785507e-02  -1.4572052e-02   2.8420454e-01   5.2786824e-04  -2.7202548e-04   8.2242857e-04
  -1.3197615e-02  -1.9377415e-01   4.6898451e-01   9.0084728e-04  -1.2041657e-04   8.4157807e-04
   1.0066383e-02  -1.5359619e-01   3.4884519e-01   1.9481528e-03  -3.8592979e-04   1.2775336e-03
  -1.1954652e-02   1.7688805e-01   3.6907904e-01   1.0538307e-03  -1.4881103e-04   1.0678785e-03
   2.5932695e-03  -1.2087109e-01   4.3529356e-01   1.2089789e-03  -2.4699653e-04   1.2296089e-03
  -1.7191588e-02  -9.5556870e-03   3.2350823e-01   1.5174621e-03  -1.6306259e-05   1.1260000e-03
  -5.0993414e-03  -1.3296668e-01   4.6547578e-01   1.3268771e-03  -4.5931965e-05   1.0782589e-03
  -7.9469074e-03  -1.7668395e-02   3.3982720e-01   1.4045820e-03  -1.5256922e-04   1.0962493e-03
  -2.4202031e-03  -7.5696607e-02   4.5539072e-01   1.1587809e-03  -1.7800749e-04   1.1501813e-03
  -2.2561698e-02  -3.5510513e-02   3.3940803e-01   1.3949393e-03   1.9255227e-05   1.0530402e-03
  -2.4617531e-02  -5.0421406e-03   3.6510792e-01   1.3257074e-03   5.3367311e-06   9.6392311e-04
   4.2482257e-04  -1.2942963e-01   4.4322066e-01   1.3734602e-03  -2.4498964e-04   1.1615196e-03
  -4.4977898e-03  -8.0222821e-02   3.4776011e-01   1.4584420e-03  -2.0150899e-04   1.0034463e-03
  -2.3190084e-02   3.1900844e-02   4.0748870e-01   1.1390553e-03  -3.8392867e-05   7.9307458e-04
  -7.9881618e-03  -1.0698965e-01   3.9614792e-01   1.0998665e-03  -2.1079228e-04   9.6217854e-04
  -2.0593239e-02  -2.9608582e-02   3.7987345e-01   1.0273863e-03  -1.2887852e-05   7.7996903e-04
   7.0865642e-04  -8.9144065e-02   4.0515236e-01   7.7486265e-04  -4.6461495e-04   9.6284926e-04
  -1.9961258e-02  -2.9648922e-02   3.5912693e-01   6.8723233e-04  -2.0403953e-04   7.7187883e-04
  -1.0691369e-02  -1.1127481e-01   3.9876724e-01   7.1012408e-04  -2.8258462e-04   8.5201359e-04
  -2.1325821e-02  -2.1328151e-02   3.6827440e-01   5.5019113e-04  -1.4630180e-04   6.8768283e-04
  -1.0732348e-02  -7.2007141e-02   3.9800505e-01   7.7142996e-04  -3.4040105e-04   8.3246213e-04
  -3.1423136e-02  -3.2145493e-03   3.8225701e-01   6.7137082e-04  -6.3232275e-05   6.7524595e-04
  -2.3627075e-02  -1.6729902e-02   3.5152057e-01   4.2905903e-04  -1.2308805e-04   7.0267604e-04
  -1.8370690e-02  -2.3311437e-02   4.3142966e-01   7.2772183e-04  -3.2400689e-04   1.0042508e-03
   9.0915924e-03  -1.3367448e-01   4.2263795e-01   1.0644721e-03  -5.2052874e-04   1.3513191e-03
  -1.5956390e-02   6.5844891e-02   4.3393319e-01   8.5801427e-04  -2.8671729e-04   1.1458824e-03
  -7.6952374e-04  -5.0040698e-02   4.0658904e-01   1.0126676e-03  -4.0318803e-04   1.3246571e-03
  -1.1501533e-02   1.2384014e-02   4.4364480e-01   9.3167667e-04  -2.8702479e-04   1.1400479e-03
  -5.8150105e-03  -4.1138398e-02   3.3022794e-01   1.2448973e-03  -3.1860344e-04   1.1693677e-03
  -9.3438228e-03  -7.0010226e-02   5.1998395e-01   8.1319531e-04  -1.6549458e-04   1.2767854e-03
   1.2556850e-02  -4.6942159e-02   3.8303822e-01   1.4241408e-03  -4.0950405e-04   1.3420865e-03
   1.3020170e-02  -1.4449905e-02   5.2644620e-01   8.2124099e-04  -4.4725797e-04   1.3702289e-03
   5.5806941e-03  -3.8369337e-02   3.6995491e-01   1.2202783e-03  -3.0983171e-04   1.3774967e-03
  -1.3780283e-02  -3.5730039e-02   4.4733122e-01   1.2017448e-03  -3.8888959e-05   1.1744047e-03
   2.1924001e-02  -1.5436000e-01   4.4844834e-01   1.5039111e-03  -5.4489363e-04   1.5691056e-03
   1.1802754e-02   8.4105977e-03   4.2670834e-01   1.3303734e-03  -5.6430635e-04   1.6491816e-03
   7.8211296e-03  -3.1832022e-02   3.5471258e-01   1.3644655e-03  -4.8362909e-04   1.5384886e-03
  -6.0467796e-03  -1.3436479e-02   4.2801900e-01   1.5954209e-03  -3.8012143e-04   1.4826069e-03
   1.7039600e-02  -9.3883063e-02   3.9448136e-01   1.5032693e-03  -4.8656446e-04   1.6799370e-03
  -3.2118441e-04   5.0771557e-02   4.0601382e-01   1.1338627e-03  -3.7750277e-04   1.4902260e-03
   1.9738716e-02  -1.1051356e-01   4.1695837e-01   1.4349467e-03  -6.1017979e-04   1.7265796e-03
  -4.1429390e-03   2.1488939e-02   3.6231278e-01   1.1596661e-03  -3.3973386e-04   1.5132935e-03
   1.6967896e-02  -7.8390394e-02   3.8934740e-01   1.2716075e-03  -5.7408111e-04   1.5865709e-03
   3.5153903e-03  -4.9580869e-02   3.4125477e-01   1.1367125e-03  -4.0744765e-04   1.3891059e-03
   1.4306220e-02  -1.4706014e-01   4.1683372e-01   1.3319019e-03  -4.8664263e-04   1.6198231e-03
  -1.2600111e-02  -1.3651909e-02   3.9172462e-01   1.2195657e-03  -9.3764828e-05   1.2729176e-03
   1.4068809e-02  -2.1731759e-01   5.1249782e-01   1.5474631e-03  -3.6144353e-04   1.5088001e-03
   1.9192834e-02  -4.4160472e-02   3.7513279e-01   1.9271273e-03  -4.8805899e-04   1.7231681e-03
   7.6802490e-03   6.1550740e-02   4.6145094e-01   1.4265586e-03  -4.2381215e-04   1.5731083e-03
  -6.8609369e-03  -4.9677430e-02   3.4555392e-01   1.7244292e-03  -9.8477013e-05   1.5155573e-03
   1.2803541e-02  -5.6230186e-02   4.7405090e-01   1.5962985e-03  -4.2955981e-04   1.5541176e-03
   5.1725311e-03  -3.6597239e-02   3.5313097e-01   1.7106533e-03  -3.3761355e-04   1.4886921e-03
   7.3219508e-03  -9.2778964e-02   4.5543420e-01   1.7421846e-03  -2.3919137e-04   1.6266631e-03
   3.0456202e-03  -5.7682792e-02   3.2199956e-01   1.7937442e-03  -1.7907451e-04   1.5255601e-03
  -2.3064555e-03  -7.0736689e-02   4.7346255e-01   1.7802985e-03   6.5402977e-05   1.4963802e-03
  -1.2336332e-02  -1.9780719e-02   3.5334256e-01   1.9585549e-03   1.4373086e-04   1.4267113e-03
   9.8239491e-03  -5.8549305e-02   4.2635259e-01   1.8775547e-03  -3.3710304e-04   1.5352015e-03
  -1.1905556e-02  -5.6752555e-02   3.2316988e-01   2.1278476e-03  -2.9496177e-05   1.2753745e-03
  -2.0358513e-02  -3.4078916e-02   3.7926321e-01   2.0492110e-03   1.2042453e-05   1.2640366e-03
  -2.5660198e-02  -2.0552197e-02   3.7076878e-01   1.7345940e-03  -1.5992085e-05   1.1992284e-03
  -4.5614925e-03  -7.3888485e-02   3.8894086e-01   1.9329205e-03  -4.0455347e-04   1.2862635e-03
  -1.9221555e-02  -7.9803439e-03   3.9405444e-01   1.9129576e-03  -2.8100787e-04   1.1370895e-03
   7.4640847e-03  -2.0218716e-01   4.7451287e-01   1.7115617e-03  -5.3408286e-04   1.2793607e-03
  -1.5597264e-02   7.7852690e-03   3.5491304e-01   1.9295667e-03  -1.2028827e-04   1.1705165e-03
  -2.1451736e-02  -3.2273300e-03   4.3524677e-01   1.6960910e-03  -1.9866803e-04   1.1052000e-03
  -2.5806187e-02  -4.2205536e-02   3.4687569e-01   1.7006012e-03   2.3504272e-05   1.0252916e-03
  -2.1999302e-02  -2.5037024e-02   4.4899242e-01   1.7316670e-03  -5.0816486e-05   1.1124041e-03
  -1.3270399e-02  -5.7165256e-02   3.2786909e-01   1.8095135e-03  -2.9962988e-05   1.0360419e-03
   1.1936051e-03  -4.0082592e-02   4.6443681e-01   1.3066398e-03  -4.3695103e-04   1.4231432e-03
  -9.7482974e-03  -4.7106590e-02   3.5622222e-01   1.7971634e-03  -2.5123967e-04   1.3231983e-03
  -1.2709328e-03  -6.7062679e-02   4.8690779e-01   1.4671389e-03  -2.7916815e-04   1.4299371e-03
  -5.3444588e-03  -3.0835946e-02   3.5266280e-01   1.9138625e-03  -2.1792708e-04   1.3440804e-03
   6.4801999e-03  -7.0400218e-02   4.5281632e-01   1.6697900e-03  -4.3411537e-04   1.5045698e-03
  -5.2655780e-03  -3.0715335e-02   3.2990403e-01   1.9024613e-03  -2.4327479e-04   1.3023227e-03
   1.5625549e-03  -6.6568000e-02   4.7399422e-01   1.7748162e-03  -3.5526623e-04   1.5938548e-03
   1.6732266e-02  -4.6961151e-02   3.6524450e-01   2.0667811e-03  -5.1038528e-04   1.6710809e-03
   3.7407053e-03  -8.9132153e-04   4.6195803e-01   1.8232906e-03  -1.8900854e-04   1.5602486e-03
  -3.7184947e-03  -1.8797305e-02   3.3993857e-01   1.9275449e-03  -1.1888104e-04   1.4826129e-03
   4.1896532e-03  -6.5892493e-02   4.9031369e-01   1.8329003e-03  -2.5740356e-04   1.6402843e-03
   1.3963857e-02  -6.2477703e-02   3.3877280e-01   2.2189330e-03  -4.4695940e-04   1.8149904e-03
   1.3746013e-04   5.4486518e-02   4.0391399e-01   1.8945763e-03  -3.7641148e-04   1.7798826e-03
  -1.7216856e-02   2.1463101e-03   3.5058405e-01   1.8363649e-03  -1.4333362e-04   1.5576039e-03
   6.1239633e-03  -8.2289213e-02   3.9022502e-01   1.8116460e-03  -4.4233459e-04   1.6380627e-03
  -4.7208424e-03  -3.6430048e-02   3.2144941e-01   1.8275158e-03  -3.5200201e-04   1.6561866e-03
   9.3784601e-03  -8.8123826e-02   3.9386164e-01   1.8698292e-03  -5.7010245e-04   1.8367649e-03
  -9.5344886e-03  -9.9264187e-04   3.4886597e-01   1.6998883e-03  -2.6677795e-04   1.5756527e-03
   1.6877764e-02  -7.4360615e-02   4.2425717e-01   1.5905781e-03  -6.4925297e-04   1.8202880e-03
  -3.7057222e-03  -2.7958413e-02   3.2719800e-01   1.7348735e-03  -4.0045613e-04   1.6651932e-03
   6.7442591e-03  -7.6781423e-02   3.7105264e-01   1.8680930e-03  -5.2087186e-04   1.7836980e-03
  -1.2637001e-02  -2.9067368e-02   3.3495933e-01   1.6365330e-03  -2.8187698e-04   1.4797373e-03
   7.2899454e-03  -1.0876153e-01   4.7078080e-01   1.5126258e-03  -5.1843936e-04   1.6437465e-03
   2.9989330e-03  -4.0309742e-02   3.4514297e-01   1.9758099e-03  -4.4681762e-04   1.6282664e-03
   1.4458823e-02  -7.0337045e-02   4.8192129e-01   1.6417326e-03  -6.3370346e-04   1.7381374e-03
  -2.6355115e-04  -4.2537909e-02   3.2238856e-01   2.0096344e-03  -4.2094077e-04   1.6808551e-03
   1.4435417e-02  -3.6677223e-02   4.7473867e-01   1.8138841e-03  -4.6454796e-04   1.6863541e-03
  -9.9722480e-03  -1.6502745e-04   3.4226863e-01   2.0711041e-03  -2.0842218e-04   1.5879506e-03
   7.2086967e-03  -5.4388146e-02   4.2077912e-01   2.2095622e-03  -3.0750321e-04   1.7668798e-03
   1.3923054e-03  -4.9375422e-02   4.3353072e-01   1.9496601e-03  -1.8351850e-04   1.7161273e-03
   1.9275963e-02  -7.5812298e-02   3.9164478e-01   2.2903055e-03  -4.4887718e-04   1.8566958e-03
   1.7602410e-02  -3.0589341e-03   5.1288494e-01   1.7816557e-03  -4.1846979e-04   1.8411544e-03
   1.1914179e-02  -3.6049445e-02   3.8540213e-01   2.0889786e-03  -3.6047046e-04   1.8426539e-03
   1.3776527e-02  -1.7237899e-02   4.1395216e-01   2.1430237e-03  -4.1519489e-04   1.9011733e-03
   1.4861243e-02  -1.0083714e-01   4.3758177e-01   1.9651786e-03  -4.4882780e-04   1.9002341e-03
